1 29: 0.020
1 31: 0.091
1 34: 0.038
1 38: 0.008
1 46: 0.019
1 72: 0.215
1 73: 0.023
1 113: 0.017
1 125: 0.016
1 130: 0.017
1 144: 0.038
1 155: 0.039
1 177: 0.026
1 189: 0.011
1 210: 0.040
1 218: 0.035
4 12: 0.014
4 37: 0.040
4 46: 0.018
4 72: 0.021
4 124: 0.003
4 125: 0.038
4 126: 0.008
4 130: 0.002
4 144: 0.053
4 155: 0.055
5 10: 0.018
5 16: 0.005
5 38: 0.004
5 155: 0.015
5 177: 0.019
5 210: 0.051
6 18: 0.003
6 21: 0.015
6 39: 0.010
6 40: 0.146
6 119: 0.014
6 127: 0.030
6 132: 0.011
6 150: 0.022
6 159: 0.024
8 177: 0.002
8 204: 0.015
8 207: 0.008
8 209: 0.018
9 177: 0.020
10 5: 0.018
10 150: 0.012
10 202: 0.013
10 204: 126.604
10 205: 3.324
10 206: 126.862
10 207: 126.658
10 208: 126.750
10 210: 127.209
11 18: 0.024
11 177: 0.005
11 207: 0.013
11 209: 0.081
11 216: 0.018
12 4: 0.014
12 16: 0.031
12 18: 0.490
12 21: 0.058
12 23: 0.019
12 26: 0.046
12 36: 0.025
12 40: 0.154
12 80: 0.016
12 92: 0.005
12 119: 0.038
12 127: 0.062
12 129: 0.012
12 132: 0.030
12 150: 0.149
12 159: 0.065
12 170: 0.026
12 175: 0.077
12 181: 0.012
12 186: 0.057
12 194: 0.035
12 209: 0.335
12 211: 0.023
12 213: 0.011
12 216: 0.165
15 206: 0.016
15 207: 0.037
15 209: 0.091
15 210: 0.345
16 5: 0.005
16 12: 0.031
16 24: 0.036
16 29: 0.037
16 202: 0.019
16 215: 0.012
16 218: 0.025
17 23: 0.012
17 204: 0.125
17 205: 0.151
17 216: 0.035
18 6: 0.003
18 11: 0.024
18 12: 0.490
18 21: 0.134
18 23: 0.120
18 25: 0.002
18 26: 0.142
18 28: 0.023
18 36: 0.045
18 39: 0.013
18 40: 0.158
18 51: 0.012
18 80: 0.016
18 119: 0.030
18 127: 0.044
18 132: 0.018
18 150: 0.046
18 159: 0.102
18 170: 0.052
18 175: 0.068
18 186: 0.020
18 194: 0.022
18 208: 0.194
18 211: 0.024
18 213: 0.020
18 216: 0.251
19 37: 0.004
19 40: 0.024
19 51: 0.014
19 159: 0.003
19 210: 0.010
20 29: 0.010
20 31: 0.118
20 36: 0.033
20 37: 0.013
20 113: 0.014
20 210: 0.011
20 218: 0.016
21 6: 0.015
21 12: 0.058
21 18: 0.134
21 26: 0.814
21 34: 0.008
21 36: 0.552
21 37: 0.133
21 39: 0.006
21 40: 0.486
21 51: 0.124
21 67: 0.011
21 80: 0.065
21 110: 0.011
21 119: 0.058
21 127: 0.096
21 132: 0.045
21 150: 0.027
21 158: 0.019
21 159: 0.278
21 170: 0.031
21 175: 0.022
21 194: 0.034
21 204: 0.010
21 208: 0.014
21 216: 0.046
23 12: 0.019
23 17: 0.012
23 18: 0.120
23 26: 0.004
23 29: 0.031
23 99: 0.019
23 106: 0.043
23 113: 0.016
23 161: 0.028
23 166: 0.014
23 201: 0.011
23 202: 0.087
23 218: 0.019
24 16: 0.036
24 210: 0.048
25 18: 0.002
25 218: 0.029
26 12: 0.046
26 18: 0.142
26 21: 0.814
26 23: 0.004
26 34: 0.014
26 36: 0.215
26 37: 0.036
26 40: 0.122
26 51: 0.042
26 80: 0.021
26 119: 0.018
26 127: 0.029
26 132: 0.017
26 150: 0.013
26 159: 0.088
26 170: 0.022
26 175: 0.012
26 194: 0.011
26 216: 0.036
27 106: 0.011
27 202: 0.019
27 210: 0.019
27 217: 1.799
28 18: 0.023
28 31: 0.029
28 113: 0.027
28 170: 0.026
28 216: 0.038
28 217: 28.256
28 218: 32.742
29 1: 0.020
29 16: 0.037
29 20: 0.010
29 23: 0.031
29 31: 0.171
29 46: 0.024
29 72: 0.027
29 99: 0.074
29 106: 0.098
29 111: 0.013
29 113: 0.156
29 115: 0.010
29 144: 0.020
29 155: 0.027
29 158: 0.001
29 160: 0.018
29 161: 0.013
29 166: 0.037
29 177: 0.016
29 202: 0.092
29 210: 0.104
29 215: 0.015
29 217: 28.255
29 218: 34.485
30 40: 0.003
30 159: 0.012
31 1: 0.091
31 20: 0.118
31 28: 0.029
31 29: 0.171
31 35: 0.003
31 38: 0.009
31 46: 0.031
31 48: 0.012
31 72: 0.148
31 99: 0.012
31 106: 0.020
31 113: 0.113
31 115: 0.011
31 144: 0.027
31 155: 0.028
31 202: 0.014
31 210: 0.031
31 218: 0.531
34 1: 0.038
34 21: 0.008
34 26: 0.014
35 31: 0.003
35 40: 0.019
36 12: 0.025
36 18: 0.045
36 20: 0.033
36 21: 0.552
36 26: 0.215
36 37: 0.156
36 39: 0.003
36 40: 0.305
36 51: 0.136
36 67: 0.027
36 80: 0.048
36 119: 0.035
36 127: 0.077
36 132: 0.075
36 150: 0.020
36 159: 0.103
36 170: 0.005
36 194: 0.021
36 216: 0.013
37 4: 0.040
37 19: 0.004
37 20: 0.013
37 21: 0.133
37 26: 0.036
37 36: 0.156
37 46: 0.021
37 73: 0.030
37 115: 0.010
37 125: 0.030
37 130: 0.017
37 144: 0.052
37 155: 0.048
38 1: 0.008
38 5: 0.004
38 31: 0.009
38 75: 0.003
38 80: 0.017
38 117: 0.007
38 118: 0.005
38 119: 0.053
38 127: 0.091
38 132: 0.036
38 136: 0.004
38 137: 0.005
38 140: 0.006
38 141: 0.007
38 145: 0.011
38 150: 0.029
38 153: 0.014
38 159: 0.067
38 194: 0.035
39 6: 0.010
39 18: 0.013
39 21: 0.006
39 36: 0.003
39 46: 0.042
39 49: 0.002
39 76: 0.003
39 77: 0.015
39 78: 0.005
39 79: 0.009
39 114: 0.002
39 115: 0.021
39 116: 0.003
39 122: 0.022
39 125: 0.002
39 129: 0.005
39 138: 0.013
39 139: 0.013
39 142: 0.006
39 143: 0.007
39 144: 0.087
39 154: 0.008
39 155: 0.102
39 159: 0.042
39 189: 0.012
40 6: 0.146
40 12: 0.154
40 18: 0.158
40 19: 0.024
40 21: 0.486
40 26: 0.122
40 30: 0.003
40 35: 0.019
40 36: 0.305
40 43: 0.041
40 50: 0.030
40 51: 0.229
40 62: 0.028
40 67: 0.052
40 71: 0.009
40 73: 0.305
40 75: 0.084
40 80: 0.455
40 84: 0.013
40 92: 0.047
40 110: 0.030
40 117: 0.094
40 118: 0.073
40 119: 0.651
40 127: 1.602
40 129: 0.027
40 132: 0.546
40 133: 0.010
40 136: 0.084
40 137: 0.083
40 140: 0.107
40 141: 0.100
40 145: 0.102
40 147: 0.026
40 150: 0.339
40 153: 0.165
40 158: 0.139
40 159: 1.043
40 162: 0.023
40 167: 0.012
40 168: 0.016
40 169: 0.014
40 170: 0.062
40 175: 0.093
40 178: 0.036
40 185: 0.014
40 186: 0.088
40 188: 0.030
40 190: 0.062
40 193: 0.018
40 194: 0.398
40 204: 0.019
40 205: 0.013
40 206: 0.019
40 207: 0.016
40 208: 0.027
40 209: 0.027
40 211: 0.022
40 212: 0.021
40 216: 0.113
42 46: 0.015
42 144: 0.025
42 155: 0.012
42 159: 0.018
43 40: 0.041
43 51: 0.095
43 80: 0.057
43 119: 0.041
43 127: 0.071
43 132: 0.025
43 140: 0.011
43 159: 0.022
43 194: 0.019
44 49: 0.713
44 53: 0.002
44 72: 0.022
44 80: 0.057
44 119: 0.018
44 127: 0.010
44 194: 0.010
45 77: 0.167
45 78: 0.295
45 113: 0.014
45 121: 0.004
45 122: 0.025
45 123: 0.032
45 155: 0.080
45 191: 0.008
46 1: 0.019
46 4: 0.018
46 29: 0.024
46 31: 0.031
46 37: 0.021
46 39: 0.042
46 42: 0.015
46 49: 0.058
46 59: 0.014
46 61: 0.027
46 72: 0.052
46 77: 0.965
46 78: 2.074
46 86: 0.014
46 88: 0.278
46 90: 0.014
46 95: 0.108
46 106: 0.041
46 109: 0.038
46 112: 0.038
46 113: 0.230
46 115: 0.122
46 121: 0.106
46 122: 0.139
46 123: 0.262
46 138: 0.069
46 139: 0.036
46 144: 1.159
46 155: 0.936
46 177: 0.029
46 179: 0.014
46 183: 0.023
46 184: 0.022
46 187: 0.051
46 189: 0.277
46 191: 0.065
46 193: 0.055
46 202: 0.015
46 210: 0.021
46 214: 0.011
46 218: 0.037
47 51: 0.017
47 80: 0.024
48 31: 0.012
48 72: 0.016
48 113: 0.013
49 39: 0.002
49 44: 0.713
49 46: 0.058
49 72: 0.003
49 76: 0.035
49 79: 0.043
49 115: 0.011
49 144: 0.050
49 155: 0.030
50 40: 0.030
50 80: 0.044
50 119: 0.016
50 127: 0.030
50 132: 0.013
50 159: 0.023
51 18: 0.012
51 19: 0.014
51 21: 0.124
51 26: 0.042
51 36: 0.136
51 40: 0.229
51 43: 0.095
51 47: 0.017
51 53: 0.010
51 62: 0.013
51 67: 0.019
51 71: 0.011
51 73: 0.011
51 77: 0.033
51 78: 0.041
51 80: 0.362
51 92: 0.013
51 110: 0.030
51 111: 0.019
51 119: 0.121
51 126: 0.017
51 127: 0.170
51 132: 0.080
51 136: 0.013
51 137: 0.012
51 140: 0.019
51 141: 0.018
51 142: 0.010
51 150: 0.016
51 152: 0.011
51 159: 0.283
51 170: 0.023
51 175: 0.011
51 194: 0.065
51 216: 0.012
53 44: 0.002
53 51: 0.010
53 61: 0.011
53 77: 0.010
53 78: 0.005
53 79: 0.004
53 80: 0.038
53 137: 0.002
53 140: 0.002
53 141: 0.002
53 142: 0.001
53 143: 0.001
53 144: 0.032
53 155: 0.014
53 189: 0.013
59 46: 0.014
59 144: 0.020
61 46: 0.027
61 53: 0.011
61 66: 0.005
61 72: 0.016
61 144: 0.045
61 155: 0.026
61 189: 0.023
62 40: 0.028
62 51: 0.013
62 80: 0.028
62 119: 0.029
62 121: 0.005
62 122: 0.016
62 123: 0.005
62 127: 0.086
62 130: 0.009
62 131: 0.005
62 132: 0.203
62 194: 0.027
66 61: 0.005
67 21: 0.011
67 36: 0.027
67 40: 0.052
67 51: 0.019
67 80: 0.020
67 119: 0.022
67 122: 0.011
67 127: 0.071
67 131: 0.015
67 132: 0.360
67 150: 0.029
67 159: 0.011
67 194: 0.021
71 40: 0.009
71 51: 0.011
71 127: 0.014
71 132: 0.006
72 1: 0.215
72 4: 0.021
72 29: 0.027
72 31: 0.148
72 44: 0.022
72 46: 0.052
72 48: 0.016
72 49: 0.003
72 61: 0.016
72 79: 0.016
72 113: 0.064
72 115: 0.015
72 125: 0.015
72 130: 0.009
72 144: 0.072
72 155: 0.051
72 189: 0.012
72 210: 0.013
72 218: 0.060
73 1: 0.023
73 37: 0.030
73 40: 0.305
73 51: 0.011
73 80: 0.044
73 117: 0.010
73 119: 0.066
73 127: 0.300
73 136: 0.023
73 137: 0.022
73 140: 0.011
73 141: 0.009
73 145: 0.016
73 150: 0.036
73 152: 0.004
73 153: 0.027
73 159: 0.041
73 194: 0.043
75 38: 0.003
75 40: 0.084
75 119: 0.169
75 124: 0.037
75 125: 0.058
75 126: 0.055
75 127: 0.264
75 132: 0.036
75 136: 0.002
75 137: 0.007
75 140: 0.036
75 141: 0.037
75 142: 0.032
75 143: 0.028
75 145: 0.011
75 150: 0.014
75 151: 0.023
75 152: 0.029
75 153: 0.014
75 158: 0.004
75 159: 0.034
75 190: 0.013
75 194: 0.093
76 39: 0.003
76 49: 0.035
76 123: 0.008
76 144: 0.051
76 155: 0.034
76 191: 0.002
77 39: 0.015
77 45: 0.167
77 46: 0.965
77 51: 0.033
77 53: 0.010
77 88: 0.027
77 95: 0.016
77 111: 0.002
77 115: 0.154
77 121: 0.044
77 122: 0.095
77 123: 0.134
77 136: 0.018
77 138: 0.077
77 139: 0.060
77 144: 0.355
77 155: 0.298
77 189: 0.047
77 191: 0.053
77 192: 0.033
77 193: 0.012
78 39: 0.005
78 45: 0.295
78 46: 2.074
78 51: 0.041
78 53: 0.005
78 88: 0.027
78 95: 0.013
78 115: 0.030
78 121: 0.022
78 122: 0.040
78 123: 0.064
78 138: 0.031
78 139: 0.025
78 144: 0.206
78 155: 0.163
78 189: 0.034
78 191: 0.023
78 192: 0.011
78 193: 0.007
79 39: 0.009
79 49: 0.043
79 53: 0.004
79 72: 0.016
79 115: 0.028
79 121: 0.012
79 122: 0.033
79 123: 0.048
79 138: 0.014
79 139: 0.008
79 144: 0.138
79 155: 0.111
79 189: 0.017
79 191: 0.019
79 192: 0.013
79 193: 0.002
80 12: 0.016
80 18: 0.016
80 21: 0.065
80 26: 0.021
80 36: 0.048
80 38: 0.017
80 40: 0.455
80 43: 0.057
80 44: 0.057
80 47: 0.024
80 50: 0.044
80 51: 0.362
80 53: 0.038
80 62: 0.028
80 67: 0.020
80 73: 0.044
80 84: 0.015
80 87: 0.021
80 92: 0.088
80 110: 0.035
80 111: 0.002
80 117: 0.035
80 119: 1.148
80 124: 0.146
80 125: 0.227
80 126: 0.215
80 127: 1.115
80 130: 0.011
80 131: 0.011
80 132: 0.182
80 136: 0.002
80 137: 0.016
80 140: 0.124
80 141: 0.128
80 142: 0.122
80 143: 0.108
80 145: 0.052
80 150: 0.068
80 151: 0.096
80 152: 0.117
80 153: 0.052
80 154: 0.013
80 158: 0.058
80 159: 0.489
80 170: 0.039
80 175: 0.037
80 178: 0.019
80 186: 0.048
80 188: 0.037
80 190: 0.066
80 194: 0.539
80 216: 0.027
83 84: 0.004
83 92: 0.036
83 119: 0.037
83 127: 0.012
83 194: 0.035
84 40: 0.013
84 80: 0.015
84 83: 0.004
84 91: 0.036
84 92: 0.229
84 93: 0.003
84 101: 0.004
84 104: 0.006
84 105: 0.007
84 106: 0.061
84 119: 0.073
84 127: 0.029
84 150: 0.011
84 159: 0.011
84 175: 0.037
84 186: 0.046
84 194: 0.094
85 95: 0.030
85 189: 0.016
86 46: 0.014
87 80: 0.021
87 95: 0.019
87 115: 0.011
87 119: 0.051
87 127: 0.013
87 194: 0.028
88 46: 0.278
88 77: 0.027
88 78: 0.027
88 95: 0.293
88 106: 0.041
88 113: 0.055
88 117: 0.023
88 118: 0.014
88 121: 0.010
88 123: 0.005
88 136: 0.016
88 137: 0.015
88 138: 0.012
88 139: 0.012
88 144: 0.186
88 155: 0.203
88 177: 0.015
88 179: 0.023
88 182: 0.011
88 183: 0.015
88 184: 0.025
88 187: 0.023
88 189: 0.170
88 202: 0.014
88 218: 0.011
89 93: 0.491
89 94: 2.255
89 95: 1.408
89 155: 0.005
89 189: 0.010
90 46: 0.014
90 93: 0.432
90 94: 0.520
90 95: 0.472
90 106: 0.013
90 155: 0.013
91 84: 0.036
91 93: 0.742
91 94: 0.861
91 119: 0.019
91 175: 0.014
91 186: 0.013
91 194: 0.011
92 12: 0.005
92 40: 0.047
92 51: 0.013
92 80: 0.088
92 83: 0.036
92 84: 0.229
92 93: 0.733
92 94: 0.709
92 115: 0.034
92 119: 0.290
92 125: 0.019
92 127: 0.123
92 132: 0.034
92 142: 0.012
92 143: 0.013
92 145: 0.016
92 150: 0.048
92 151: 0.020
92 152: 0.018
92 154: 0.013
92 159: 0.058
92 170: 0.026
92 175: 0.097
92 178: 0.019
92 180: 0.025
92 185: 0.025
92 186: 0.243
92 194: 0.387
92 195: 0.002
92 216: 0.025
93 84: 0.003
93 89: 0.491
93 90: 0.432
93 91: 0.742
93 92: 0.733
93 119: 0.022
93 175: 0.015
93 180: 0.003
93 186: 0.018
93 194: 0.015
94 89: 2.255
94 90: 0.520
94 91: 0.861
94 92: 0.709
94 119: 0.015
94 175: 0.014
94 180: 0.005
94 185: 0.001
94 186: 0.034
94 194: 0.006
95 46: 0.108
95 77: 0.016
95 78: 0.013
95 85: 0.030
95 87: 0.019
95 88: 0.293
95 89: 1.408
95 90: 0.472
95 99: 0.013
95 106: 0.050
95 113: 0.025
95 144: 0.096
95 155: 0.146
95 177: 0.046
95 179: 0.057
95 182: 0.054
95 184: 0.039
95 187: 0.012
95 188: 0.015
95 189: 0.161
95 190: 0.006
95 191: 0.014
95 192: 0.011
95 193: 0.014
95 202: 0.038
95 210: 0.015
99 23: 0.019
99 29: 0.074
99 31: 0.012
99 95: 0.013
99 100: 0.020
99 106: 0.177
99 113: 0.048
99 160: 0.004
99 162: 0.031
99 163: 0.054
99 168: 0.011
99 169: 0.044
99 201: 0.011
99 202: 0.148
99 210: 0.031
99 213: 0.011
99 218: 0.090
100 99: 0.020
100 106: 0.013
101 84: 0.004
101 159: 0.028
101 166: 0.236
101 167: 127.168
101 168: 0.741
101 169: 0.813
101 170: 1.115
101 175: 0.010
101 216: 0.032
102 159: 0.012
102 165: 2.533
102 167: 126.860
102 169: 0.435
102 174: 0.001
102 175: 0.087
102 216: 0.018
103 159: 0.011
103 165: 0.401
103 167: 6.779
103 175: 0.075
103 216: 0.012
104 84: 0.006
104 165: 2.426
104 166: 0.116
104 170: 0.221
104 216: 0.030
105 84: 0.007
105 113: 0.014
105 165: 2.710
105 167: 126.957
105 169: 0.399
105 175: 0.013
105 216: 0.013
106 23: 0.043
106 27: 0.011
106 29: 0.098
106 31: 0.020
106 46: 0.041
106 84: 0.061
106 88: 0.041
106 90: 0.013
106 95: 0.050
106 99: 0.177
106 100: 0.013
106 111: 0.013
106 113: 0.137
106 115: 0.013
106 116: 0.011
106 144: 0.029
106 155: 0.048
106 162: 0.249
106 163: 0.013
106 164: 0.118
106 165: 4.303
106 167: 126.907
106 177: 0.026
106 189: 0.016
106 201: 0.028
106 202: 0.315
106 210: 0.059
106 213: 0.039
106 214: 0.029
106 215: 0.043
106 218: 0.107
107 159: 0.015
107 169: 0.001
109 46: 0.038
109 144: 0.018
109 155: 0.017
109 163: 0.004
109 170: 0.019
110 21: 0.011
110 40: 0.030
110 51: 0.030
110 80: 0.035
110 119: 0.020
110 127: 0.030
110 194: 0.018
111 29: 0.013
111 51: 0.019
111 77: 0.002
111 80: 0.002
111 106: 0.013
111 155: 0.011
111 218: 0.017
112 46: 0.038
112 144: 0.019
112 155: 0.019
113 1: 0.017
113 20: 0.014
113 23: 0.016
113 28: 0.027
113 29: 0.156
113 31: 0.113
113 45: 0.014
113 46: 0.230
113 48: 0.013
113 72: 0.064
113 88: 0.055
113 95: 0.025
113 99: 0.048
113 105: 0.014
113 106: 0.137
113 115: 0.040
113 118: 0.019
113 121: 0.011
113 122: 0.034
113 123: 0.030
113 138: 0.019
113 139: 0.015
113 144: 0.125
113 155: 0.132
113 160: 0.006
113 164: 0.041
113 165: 0.012
113 166: 0.052
113 177: 0.015
113 189: 0.032
113 191: 0.022
113 192: 0.014
113 202: 0.038
113 210: 0.031
113 214: 0.015
113 215: 0.018
113 218: 0.258
114 39: 0.002
114 139: 0.002
114 144: 0.096
114 155: 0.224
114 187: 0.003
114 189: 0.036
114 191: 127.517
114 192: 0.701
114 193: 4.724
115 29: 0.010
115 31: 0.011
115 37: 0.010
115 39: 0.021
115 46: 0.122
115 49: 0.011
115 72: 0.015
115 77: 0.154
115 78: 0.030
115 79: 0.028
115 87: 0.011
115 92: 0.034
115 106: 0.013
115 113: 0.040
115 121: 0.008
115 122: 0.179
115 123: 0.110
115 138: 0.030
115 139: 0.016
115 144: 0.224
115 155: 0.219
115 177: 0.018
115 190: 0.037
115 191: 0.855
115 192: 0.023
115 194: 0.220
115 202: 0.011
115 210: 0.015
115 218: 0.013
116 39: 0.003
116 106: 0.011
116 122: 0.012
116 144: 0.002
116 155: 0.387
116 177: 0.016
116 179: 0.005
116 183: 0.017
116 184: 0.011
116 189: 0.041
116 191: 10.453
116 192: 0.355
116 193: 0.351
117 38: 0.007
117 40: 0.094
117 73: 0.010
117 80: 0.035
117 88: 0.023
117 124: 0.062
117 125: 0.091
117 126: 0.071
117 127: 0.365
117 132: 0.028
117 140: 0.031
117 141: 0.033
117 145: 0.029
117 150: 0.033
117 159: 0.010
117 178: 0.008
117 186: 0.015
117 188: 0.006
117 190: 0.099
117 191: 0.290
117 193: 0.090
117 194: 0.371
118 38: 0.005
118 40: 0.073
118 88: 0.014
118 113: 0.019
118 124: 0.060
118 125: 0.100
118 126: 0.070
118 127: 0.383
118 132: 0.036
118 140: 0.007
118 141: 0.008
118 145: 0.034
118 150: 0.037
118 152: 0.011
118 178: 0.010
118 186: 0.023
118 188: 0.018
118 190: 0.321
118 191: 0.165
118 194: 0.972
119 6: 0.014
119 12: 0.038
119 18: 0.030
119 21: 0.058
119 26: 0.018
119 36: 0.035
119 38: 0.053
119 40: 0.651
119 43: 0.041
119 44: 0.018
119 50: 0.016
119 51: 0.121
119 62: 0.029
119 67: 0.022
119 73: 0.066
119 75: 0.169
119 80: 1.148
119 83: 0.037
119 84: 0.073
119 87: 0.051
119 91: 0.019
119 92: 0.290
119 93: 0.022
119 94: 0.015
119 110: 0.020
119 124: 0.324
119 125: 0.486
119 126: 0.395
119 127: 2.062
119 130: 0.016
119 132: 0.247
119 140: 0.110
119 141: 0.130
119 142: 0.142
119 143: 0.123
119 145: 0.141
119 147: 0.031
119 150: 0.195
119 151: 0.228
119 152: 0.268
119 158: 0.064
119 159: 0.582
119 160: 0.015
119 162: 0.023
119 163: 0.010
119 167: 0.013
119 168: 0.020
119 169: 0.014
119 170: 0.061
119 175: 0.112
119 178: 0.083
119 185: 0.039
119 186: 0.190
119 188: 0.096
119 190: 0.761
119 194: 3.439
119 211: 0.014
119 212: 0.015
119 216: 0.068
121 45: 0.004
121 46: 0.106
121 62: 0.005
121 77: 0.044
121 78: 0.022
121 79: 0.012
121 88: 0.010
121 113: 0.011
121 115: 0.008
121 132: 0.222
121 136: 126.865
121 137: 2.316
121 138: 126.438
121 139: 2.489
121 142: 126.559
121 143: 2.582
121 144: 126.352
121 189: 0.012
121 192: 0.027
122 39: 0.022
122 45: 0.025
122 46: 0.139
122 62: 0.016
122 67: 0.011
122 77: 0.095
122 78: 0.040
122 79: 0.033
122 113: 0.034
122 115: 0.179
122 116: 0.012
122 132: 0.287
122 136: 0.527
122 137: 0.222
122 155: 0.027
122 177: 0.015
122 188: 0.014
122 191: 0.044
122 192: 0.034
122 210: 0.013
123 45: 0.032
123 46: 0.262
123 62: 0.005
123 76: 0.008
123 77: 0.134
123 78: 0.064
123 79: 0.048
123 88: 0.005
123 113: 0.030
123 115: 0.110
123 132: 0.228
123 136: 0.818
123 137: 0.029
123 138: 0.212
123 142: 0.077
123 145: 0.032
123 150: 0.010
123 188: 0.012
123 191: 0.023
123 193: 0.012
124 4: 0.003
124 75: 0.037
124 80: 0.146
124 117: 0.062
124 118: 0.060
124 119: 0.324
124 138: 126.209
124 139: 4.138
124 140: 126.835
124 141: 5.205
124 142: 126.562
124 143: 5.178
124 144: 127.857
124 159: 0.057
124 187: 0.003
124 189: 0.012
124 190: 0.032
124 194: 0.137
125 1: 0.016
125 4: 0.038
125 37: 0.030
125 39: 0.002
125 72: 0.015
125 75: 0.058
125 80: 0.227
125 92: 0.019
125 117: 0.091
125 118: 0.100
125 119: 0.486
125 129: 0.002
125 140: 0.259
125 151: 0.108
125 152: 0.196
125 159: 0.060
125 186: 0.010
125 188: 0.012
125 190: 0.042
125 193: 0.011
125 194: 0.275
126 4: 0.008
126 51: 0.017
126 75: 0.055
126 80: 0.215
126 117: 0.071
126 118: 0.070
126 119: 0.395
126 129: 0.003
126 138: 0.241
126 140: 0.667
126 141: 0.205
126 142: 0.361
126 144: 0.552
126 158: 0.012
126 159: 0.070
126 189: 0.034
126 190: 0.031
126 194: 0.143
127 6: 0.030
127 12: 0.062
127 18: 0.044
127 21: 0.096
127 26: 0.029
127 36: 0.077
127 38: 0.091
127 40: 1.602
127 43: 0.071
127 44: 0.010
127 50: 0.030
127 51: 0.170
127 62: 0.086
127 67: 0.071
127 71: 0.014
127 73: 0.300
127 75: 0.264
127 80: 1.115
127 83: 0.012
127 84: 0.029
127 87: 0.013
127 92: 0.123
127 110: 0.030
127 117: 0.365
127 118: 0.383
127 119: 2.062
127 130: 0.104
127 131: 0.079
127 132: 1.354
127 136: 0.933
127 137: 0.702
127 140: 0.611
127 141: 0.329
127 145: 0.604
127 147: 0.066
127 150: 0.449
127 151: 0.637
127 152: 1.046
127 153: 1.210
127 154: 0.283
127 158: 0.076
127 159: 0.532
127 162: 0.015
127 168: 0.012
127 170: 0.039
127 175: 0.076
127 178: 0.072
127 185: 0.030
127 186: 0.158
127 188: 0.174
127 190: 0.199
127 193: 0.127
127 194: 1.407
127 211: 0.012
127 212: 0.012
127 216: 0.059
129 12: 0.012
129 39: 0.005
129 40: 0.027
129 125: 0.002
129 126: 0.003
129 144: 0.016
129 146: 0.009
129 151: 0.007
129 152: 0.007
129 154: 0.009
129 155: 0.048
129 177: 0.037
129 189: 0.018
130 1: 0.017
130 4: 0.002
130 37: 0.017
130 62: 0.009
130 72: 0.009
130 80: 0.011
130 119: 0.016
130 127: 0.104
130 194: 0.015
131 62: 0.005
131 67: 0.015
131 80: 0.011
131 127: 0.079
132 6: 0.011
132 12: 0.030
132 18: 0.018
132 21: 0.045
132 26: 0.017
132 36: 0.075
132 38: 0.036
132 40: 0.546
132 43: 0.025
132 50: 0.013
132 51: 0.080
132 62: 0.203
132 67: 0.360
132 71: 0.006
132 75: 0.036
132 80: 0.182
132 92: 0.034
132 117: 0.028
132 118: 0.036
132 119: 0.247
132 121: 0.222
132 122: 0.287
132 123: 0.228
132 127: 1.354
132 136: 0.031
132 137: 0.024
132 147: 0.018
132 150: 0.195
132 152: 0.006
132 153: 0.047
132 158: 0.012
132 159: 0.096
132 175: 0.015
132 178: 0.011
132 186: 0.047
132 188: 0.050
132 193: 0.016
132 194: 0.210
132 216: 0.013
133 40: 0.010
136 38: 0.004
136 40: 0.084
136 51: 0.013
136 73: 0.023
136 75: 0.002
136 77: 0.018
136 80: 0.002
136 88: 0.016
136 121: 126.865
136 122: 0.527
136 123: 0.818
136 127: 0.933
136 132: 0.031
136 145: 0.034
136 147: 0.004
136 150: 0.030
136 188: 0.011
137 38: 0.005
137 40: 0.083
137 51: 0.012
137 53: 0.002
137 73: 0.022
137 75: 0.007
137 80: 0.016
137 88: 0.015
137 121: 2.316
137 122: 0.222
137 123: 0.029
137 127: 0.702
137 132: 0.024
137 145: 0.022
137 147: 0.002
137 150: 0.024
137 188: 0.010
138 39: 0.013
138 46: 0.069
138 77: 0.077
138 78: 0.031
138 79: 0.014
138 88: 0.012
138 113: 0.019
138 115: 0.030
138 121: 126.438
138 123: 0.212
138 124: 126.209
138 126: 0.241
138 146: 0.002
138 188: 0.006
139 39: 0.013
139 46: 0.036
139 77: 0.060
139 78: 0.025
139 79: 0.008
139 88: 0.012
139 113: 0.015
139 114: 0.002
139 115: 0.016
139 121: 2.489
139 124: 4.138
139 146: 0.002
139 192: 0.002
140 38: 0.006
140 40: 0.107
140 43: 0.011
140 51: 0.019
140 53: 0.002
140 73: 0.011
140 75: 0.036
140 80: 0.124
140 117: 0.031
140 118: 0.007
140 119: 0.110
140 124: 126.835
140 125: 0.259
140 126: 0.667
140 127: 0.611
140 145: 0.007
140 147: 0.003
140 150: 0.028
140 151: 0.009
140 159: 0.049
140 186: 0.012
140 188: 0.007
140 193: 0.009
140 194: 0.074
141 38: 0.007
141 40: 0.100
141 51: 0.018
141 53: 0.002
141 73: 0.009
141 75: 0.037
141 80: 0.128
141 117: 0.033
141 118: 0.008
141 119: 0.130
141 124: 5.205
141 126: 0.205
141 127: 0.329
141 145: 0.010
141 147: 0.003
141 150: 0.028
141 151: 0.016
141 159: 0.049
141 186: 0.012
141 188: 0.010
141 193: 0.001
141 194: 0.063
142 39: 0.006
142 51: 0.010
142 53: 0.001
142 75: 0.032
142 80: 0.122
142 92: 0.012
142 119: 0.142
142 121: 126.559
142 123: 0.077
142 124: 126.562
142 126: 0.361
142 159: 0.018
142 194: 0.103
143 39: 0.007
143 53: 0.001
143 75: 0.028
143 80: 0.108
143 92: 0.013
143 119: 0.123
143 121: 2.582
143 124: 5.178
143 159: 0.014
143 194: 0.073
144 1: 0.038
144 4: 0.053
144 29: 0.020
144 31: 0.027
144 37: 0.052
144 39: 0.087
144 42: 0.025
144 46: 1.159
144 49: 0.050
144 53: 0.032
144 59: 0.020
144 61: 0.045
144 72: 0.072
144 76: 0.051
144 77: 0.355
144 78: 0.206
144 79: 0.138
144 88: 0.186
144 95: 0.096
144 106: 0.029
144 109: 0.018
144 112: 0.019
144 113: 0.125
144 114: 0.096
144 115: 0.224
144 116: 0.002
144 121: 126.352
144 124: 127.857
144 126: 0.552
144 129: 0.016
144 146: 0.011
144 148: 0.004
144 155: 1.687
144 177: 0.051
144 179: 0.012
144 180: 0.016
144 183: 0.038
144 184: 0.032
144 187: 0.091
144 189: 0.542
144 191: 0.005
144 192: 0.077
144 195: 0.013
144 202: 0.019
144 210: 0.028
144 214: 0.012
144 215: 0.011
144 218: 0.028
145 38: 0.011
145 40: 0.102
145 73: 0.016
145 75: 0.011
145 80: 0.052
145 92: 0.016
145 117: 0.029
145 118: 0.034
145 119: 0.141
145 123: 0.032
145 127: 0.604
145 136: 0.034
145 137: 0.022
145 140: 0.007
145 141: 0.010
145 147: 0.025
145 159: 0.039
145 175: 0.010
145 178: 0.022
145 186: 0.043
145 188: 0.047
145 190: 0.031
145 193: 0.037
145 194: 0.186
146 129: 0.009
146 138: 0.002
146 139: 0.002
146 144: 0.011
146 155: 0.052
146 177: 0.026
146 180: 0.044
146 183: 0.029
146 184: 0.006
147 40: 0.026
147 119: 0.031
147 127: 0.066
147 132: 0.018
147 136: 0.004
147 137: 0.002
147 140: 0.003
147 141: 0.003
147 145: 0.025
147 149: 0.010
147 150: 0.208
147 153: 0.011
147 178: 0.013
147 186: 0.006
147 190: 0.006
147 193: 0.009
147 194: 0.055
147 195: 0.002
148 144: 0.004
148 155: 0.009
148 189: 0.002
148 192: 0.002
149 147: 0.010
149 179: 0.002
149 185: 0.002
149 186: 0.038
149 194: 0.009
150 6: 0.022
150 10: 0.012
150 12: 0.149
150 18: 0.046
150 21: 0.027
150 26: 0.013
150 36: 0.020
150 38: 0.029
150 40: 0.339
150 51: 0.016
150 67: 0.029
150 73: 0.036
150 75: 0.014
150 80: 0.068
150 84: 0.011
150 92: 0.048
150 117: 0.033
150 118: 0.037
150 119: 0.195
150 123: 0.010
150 127: 0.449
150 132: 0.195
150 136: 0.030
150 137: 0.024
150 140: 0.028
150 141: 0.028
150 147: 0.208
150 153: 0.107
150 159: 0.095
150 170: 0.015
150 175: 0.058
150 178: 0.057
150 179: 0.050
150 185: 0.029
150 186: 0.307
150 187: 0.039
150 190: 0.041
150 193: 0.043
150 194: 0.275
150 207: 0.011
150 216: 0.046
151 75: 0.023
151 80: 0.096
151 92: 0.020
151 119: 0.228
151 125: 0.108
151 127: 0.637
151 129: 0.007
151 140: 0.009
151 141: 0.016
151 158: 0.002
151 159: 0.013
151 177: 0.004
151 185: 0.006
151 186: 0.025
151 193: 0.019
151 194: 0.732
152 51: 0.011
152 73: 0.004
152 75: 0.029
152 80: 0.117
152 92: 0.018
152 118: 0.011
152 119: 0.268
152 125: 0.196
152 127: 1.046
152 129: 0.007
152 132: 0.006
152 158: 0.003
152 159: 0.021
152 177: 0.007
152 185: 0.003
152 186: 0.013
152 194: 0.585
153 38: 0.014
153 40: 0.165
153 73: 0.027
153 75: 0.014
153 80: 0.052
153 127: 1.210
153 132: 0.047
153 147: 0.011
153 150: 0.107
153 158: 0.003
153 159: 0.039
153 185: 0.012
153 186: 0.052
153 192: 0.001
154 39: 0.008
154 80: 0.013
154 92: 0.013
154 127: 0.283
154 129: 0.009
154 177: 0.011
154 186: 0.005
154 192: 0.109
155 1: 0.039
155 4: 0.055
155 5: 0.015
155 29: 0.027
155 31: 0.028
155 37: 0.048
155 39: 0.102
155 42: 0.012
155 45: 0.080
155 46: 0.936
155 49: 0.030
155 53: 0.014
155 61: 0.026
155 72: 0.051
155 76: 0.034
155 77: 0.298
155 78: 0.163
155 79: 0.111
155 88: 0.203
155 89: 0.005
155 90: 0.013
155 95: 0.146
155 106: 0.048
155 109: 0.017
155 111: 0.011
155 112: 0.019
155 113: 0.132
155 114: 0.224
155 115: 0.219
155 116: 0.387
155 122: 0.027
155 129: 0.048
155 144: 1.687
155 146: 0.052
155 148: 0.009
155 161: 0.011
155 174: 0.011
155 177: 0.120
155 182: 0.020
155 183: 0.114
155 184: 0.080
155 189: 0.873
155 192: 1.446
155 195: 0.029
155 197: 0.013
155 198: 0.025
155 202: 0.040
155 210: 0.059
155 214: 0.027
155 215: 0.023
155 218: 0.032
158 21: 0.019
158 29: 0.001
158 40: 0.139
158 75: 0.004
158 80: 0.058
158 119: 0.064
158 126: 0.012
158 127: 0.076
158 132: 0.012
158 151: 0.002
158 152: 0.003
158 153: 0.003
158 166: 0.004
158 194: 0.036
158 218: 0.016
159 6: 0.024
159 12: 0.065
159 18: 0.102
159 19: 0.003
159 21: 0.278
159 26: 0.088
159 30: 0.012
159 36: 0.103
159 38: 0.067
159 39: 0.042
159 40: 1.043
159 42: 0.018
159 43: 0.022
159 50: 0.023
159 51: 0.283
159 67: 0.011
159 73: 0.041
159 75: 0.034
159 80: 0.489
159 84: 0.011
159 92: 0.058
159 101: 0.028
159 102: 0.012
159 103: 0.011
159 107: 0.015
159 117: 0.010
159 119: 0.582
159 124: 0.057
159 125: 0.060
159 126: 0.070
159 127: 0.532
159 132: 0.096
159 140: 0.049
159 141: 0.049
159 142: 0.018
159 143: 0.014
159 145: 0.039
159 150: 0.095
159 151: 0.013
159 152: 0.021
159 153: 0.039
159 162: 0.063
159 163: 0.050
159 167: 0.048
159 168: 0.064
159 169: 0.050
159 170: 0.229
159 175: 0.159
159 178: 0.025
159 185: 0.011
159 186: 0.061
159 188: 0.014
159 190: 0.038
159 194: 0.302
159 204: 0.018
159 205: 0.013
159 206: 0.020
159 208: 0.018
159 209: 0.012
159 211: 0.031
159 212: 0.037
159 216: 0.180
160 29: 0.018
160 99: 0.004
160 113: 0.006
160 119: 0.015
160 163: 0.003
160 166: 1.057
160 175: 0.090
160 194: 0.011
160 211: 0.013
160 212: 0.017
160 216: 0.059
160 218: 0.017
161 23: 0.028
161 29: 0.013
161 155: 0.011
161 167: 0.402
161 168: 0.481
161 169: 0.433
161 170: 0.884
161 202: 0.060
161 210: 0.024
161 213: 0.018
161 214: 0.035
161 215: 0.052
162 40: 0.023
162 99: 0.031
162 106: 0.249
162 119: 0.023
162 127: 0.015
162 159: 0.063
162 163: 0.019
162 165: 0.645
162 166: 2.065
162 175: 0.062
162 194: 0.015
162 211: 0.016
162 212: 0.018
162 216: 0.065
163 99: 0.054
163 106: 0.013
163 109: 0.004
163 119: 0.010
163 159: 0.050
163 160: 0.003
163 162: 0.019
163 166: 0.028
164 106: 0.118
164 113: 0.041
164 166: 0.003
165 102: 2.533
165 103: 0.401
165 104: 2.426
165 105: 2.710
165 106: 4.303
165 113: 0.012
165 162: 0.645
165 202: 0.014
166 23: 0.014
166 29: 0.037
166 101: 0.236
166 104: 0.116
166 113: 0.052
166 158: 0.004
166 160: 1.057
166 162: 2.065
166 163: 0.028
166 164: 0.003
166 174: 0.003
166 215: 0.013
166 218: 0.035
167 40: 0.012
167 101: 127.168
167 102: 126.860
167 103: 6.779
167 105: 126.957
167 106: 126.907
167 119: 0.013
167 159: 0.048
167 161: 0.402
167 175: 0.027
167 216: 0.025
168 40: 0.016
168 99: 0.011
168 101: 0.741
168 119: 0.020
168 127: 0.012
168 159: 0.064
168 161: 0.481
168 174: 0.002
168 175: 0.084
168 194: 0.013
168 211: 0.011
168 212: 0.015
168 216: 0.046
169 40: 0.014
169 99: 0.044
169 101: 0.813
169 102: 0.435
169 105: 0.399
169 107: 0.001
169 119: 0.014
169 159: 0.050
169 161: 0.433
169 174: 0.002
169 175: 0.067
169 212: 0.014
169 216: 0.060
170 12: 0.026
170 18: 0.052
170 21: 0.031
170 26: 0.022
170 28: 0.026
170 36: 0.005
170 40: 0.062
170 51: 0.023
170 80: 0.039
170 92: 0.026
170 101: 1.115
170 104: 0.221
170 109: 0.019
170 119: 0.061
170 127: 0.039
170 150: 0.015
170 159: 0.229
170 161: 0.884
170 174: 0.024
170 175: 0.320
170 186: 0.022
170 194: 0.042
170 212: 0.052
170 216: 0.341
174 102: 0.001
174 155: 0.011
174 166: 0.003
174 168: 0.002
174 169: 0.002
174 170: 0.024
174 211: 0.002
174 212: 0.014
174 216: 0.108
175 12: 0.077
175 18: 0.068
175 21: 0.022
175 26: 0.012
175 40: 0.093
175 51: 0.011
175 80: 0.037
175 84: 0.037
175 91: 0.014
175 92: 0.097
175 93: 0.015
175 94: 0.014
175 101: 0.010
175 102: 0.087
175 103: 0.075
175 105: 0.013
175 119: 0.112
175 127: 0.076
175 132: 0.015
175 145: 0.010
175 150: 0.058
175 159: 0.159
175 160: 0.090
175 162: 0.062
175 167: 0.027
175 168: 0.084
175 169: 0.067
175 170: 0.320
175 178: 0.002
175 180: 0.018
175 186: 0.134
175 194: 0.107
175 206: 0.020
175 211: 0.139
175 212: 0.204
175 216: 0.856
176 186: 0.019
176 216: 0.012
177 1: 0.026
177 5: 0.019
177 8: 0.002
177 9: 0.020
177 11: 0.005
177 29: 0.016
177 46: 0.029
177 88: 0.015
177 95: 0.046
177 106: 0.026
177 113: 0.015
177 115: 0.018
177 116: 0.016
177 122: 0.015
177 129: 0.037
177 144: 0.051
177 146: 0.026
177 151: 0.004
177 152: 0.007
177 154: 0.011
177 155: 0.120
177 182: 0.010
177 183: 0.007
177 189: 0.060
177 192: 0.011
177 195: 0.012
177 196: 0.052
177 198: 0.030
177 202: 0.094
177 204: 0.049
177 205: 0.054
177 208: 0.043
177 210: 0.266
177 214: 0.035
177 215: 0.019
177 218: 0.013
178 40: 0.036
178 80: 0.019
178 92: 0.019
178 117: 0.008
178 118: 0.010
178 119: 0.083
178 127: 0.072
178 132: 0.011
178 145: 0.022
178 147: 0.013
178 150: 0.057
178 159: 0.025
178 175: 0.002
178 182: 0.057
178 194: 0.080
178 196: 0.011
178 197: 0.045
178 198: 0.144
179 46: 0.014
179 88: 0.023
179 95: 0.057
179 116: 0.005
179 144: 0.012
179 149: 0.002
179 150: 0.050
179 184: 0.156
179 187: 0.001
179 189: 0.035
179 195: 0.003
179 200: 0.002
180 92: 0.025
180 93: 0.003
180 94: 0.005
180 144: 0.016
180 146: 0.044
180 175: 0.018
180 183: 0.245
180 184: 0.009
180 185: 0.045
180 186: 0.119
180 189: 0.053
181 12: 0.012
181 188: 0.003
181 189: 0.006
181 195: 0.005
181 197: 0.006
182 88: 0.011
182 95: 0.054
182 155: 0.020
182 177: 0.010
182 178: 0.057
182 197: 0.111
182 198: 0.257
183 46: 0.023
183 88: 0.015
183 116: 0.017
183 144: 0.038
183 146: 0.029
183 155: 0.114
183 177: 0.007
183 180: 0.245
183 188: 0.025
183 189: 0.141
183 196: 0.110
184 46: 0.022
184 88: 0.025
184 95: 0.039
184 116: 0.011
184 144: 0.032
184 146: 0.006
184 155: 0.080
184 179: 0.156
184 180: 0.009
184 188: 0.030
184 189: 0.131
184 196: 0.081
184 200: 0.004
185 40: 0.014
185 92: 0.025
185 94: 0.001
185 119: 0.039
185 127: 0.030
185 149: 0.002
185 150: 0.029
185 151: 0.006
185 152: 0.003
185 153: 0.012
185 159: 0.011
185 180: 0.045
185 194: 0.083
185 197: 7.722
185 198: 0.082
186 12: 0.057
186 18: 0.020
186 40: 0.088
186 80: 0.048
186 84: 0.046
186 91: 0.013
186 92: 0.243
186 93: 0.018
186 94: 0.034
186 117: 0.015
186 118: 0.023
186 119: 0.190
186 125: 0.010
186 127: 0.158
186 132: 0.047
186 140: 0.012
186 141: 0.012
186 145: 0.043
186 147: 0.006
186 149: 0.038
186 150: 0.307
186 151: 0.025
186 152: 0.013
186 153: 0.052
186 154: 0.005
186 159: 0.061
186 170: 0.022
186 175: 0.134
186 176: 0.019
186 180: 0.119
186 190: 0.005
186 193: 0.006
186 194: 0.390
186 196: 0.276
186 200: 0.044
186 216: 0.051
187 46: 0.051
187 88: 0.023
187 95: 0.012
187 114: 0.003
187 124: 0.003
187 144: 0.091
187 150: 0.039
187 179: 0.001
188 40: 0.030
188 80: 0.037
188 95: 0.015
188 117: 0.006
188 118: 0.018
188 119: 0.096
188 122: 0.014
188 123: 0.012
188 125: 0.012
188 127: 0.174
188 132: 0.050
188 136: 0.011
188 137: 0.010
188 138: 0.006
188 140: 0.007
188 141: 0.010
188 145: 0.047
188 159: 0.014
188 181: 0.003
188 183: 0.025
188 184: 0.030
188 195: 0.001
189 1: 0.011
189 39: 0.012
189 46: 0.277
189 53: 0.013
189 61: 0.023
189 72: 0.012
189 77: 0.047
189 78: 0.034
189 79: 0.017
189 85: 0.016
189 88: 0.170
189 89: 0.010
189 95: 0.161
189 106: 0.016
189 113: 0.032
189 114: 0.036
189 116: 0.041
189 121: 0.012
189 124: 0.012
189 126: 0.034
189 129: 0.018
189 144: 0.542
189 148: 0.002
189 155: 0.873
189 177: 0.060
189 179: 0.035
189 180: 0.053
189 181: 0.006
189 183: 0.141
189 184: 0.131
189 195: 0.053
189 197: 0.020
189 198: 0.018
189 202: 0.013
189 210: 0.015
190 40: 0.062
190 75: 0.013
190 80: 0.066
190 95: 0.006
190 115: 0.037
190 117: 0.099
190 118: 0.321
190 119: 0.761
190 124: 0.032
190 125: 0.042
190 126: 0.031
190 127: 0.199
190 145: 0.031
190 147: 0.006
190 150: 0.041
190 159: 0.038
190 186: 0.005
191 45: 0.008
191 46: 0.065
191 76: 0.002
191 77: 0.053
191 78: 0.023
191 79: 0.019
191 95: 0.014
191 113: 0.022
191 114: 127.517
191 115: 0.855
191 116: 10.453
191 117: 0.290
191 118: 0.165
191 122: 0.044
191 123: 0.023
191 144: 0.005
192 77: 0.033
192 78: 0.011
192 79: 0.013
192 95: 0.011
192 113: 0.014
192 114: 0.701
192 115: 0.023
192 116: 0.355
192 121: 0.027
192 122: 0.034
192 139: 0.002
192 144: 0.077
192 148: 0.002
192 153: 0.001
192 154: 0.109
192 155: 1.446
192 177: 0.011
192 198: 0.002
193 40: 0.018
193 46: 0.055
193 77: 0.012
193 78: 0.007
193 79: 0.002
193 95: 0.014
193 114: 4.724
193 116: 0.351
193 117: 0.090
193 123: 0.012
193 125: 0.011
193 127: 0.127
193 132: 0.016
193 140: 0.009
193 141: 0.001
193 145: 0.037
193 147: 0.009
193 150: 0.043
193 151: 0.019
193 186: 0.006
194 12: 0.035
194 18: 0.022
194 21: 0.034
194 26: 0.011
194 36: 0.021
194 38: 0.035
194 40: 0.398
194 43: 0.019
194 44: 0.010
194 51: 0.065
194 62: 0.027
194 67: 0.021
194 73: 0.043
194 75: 0.093
194 80: 0.539
194 83: 0.035
194 84: 0.094
194 87: 0.028
194 91: 0.011
194 92: 0.387
194 93: 0.015
194 94: 0.006
194 110: 0.018
194 115: 0.220
194 117: 0.371
194 118: 0.972
194 119: 3.439
194 124: 0.137
194 125: 0.275
194 126: 0.143
194 127: 1.407
194 130: 0.015
194 132: 0.210
194 140: 0.074
194 141: 0.063
194 142: 0.103
194 143: 0.073
194 145: 0.186
194 147: 0.055
194 149: 0.009
194 150: 0.275
194 151: 0.732
194 152: 0.585
194 158: 0.036
194 159: 0.302
194 160: 0.011
194 162: 0.015
194 168: 0.013
194 170: 0.042
194 175: 0.107
194 178: 0.080
194 185: 0.083
194 186: 0.390
194 211: 0.011
194 212: 0.013
194 216: 0.054
195 92: 0.002
195 144: 0.013
195 147: 0.002
195 155: 0.029
195 177: 0.012
195 179: 0.003
195 181: 0.005
195 188: 0.001
195 189: 0.053
196 177: 0.052
196 178: 0.011
196 183: 0.110
196 184: 0.081
196 186: 0.276
197 155: 0.013
197 178: 0.045
197 181: 0.006
197 182: 0.111
197 185: 7.722
197 189: 0.020
198 155: 0.025
198 177: 0.030
198 178: 0.144
198 182: 0.257
198 185: 0.082
198 189: 0.018
198 192: 0.002
200 179: 0.002
200 184: 0.004
200 186: 0.044
200 202: 0.015
200 210: 0.032
200 214: 0.020
201 23: 0.011
201 99: 0.011
201 106: 0.028
201 211: 0.044
201 213: 1.669
202 10: 0.013
202 16: 0.019
202 23: 0.087
202 27: 0.019
202 29: 0.092
202 31: 0.014
202 46: 0.015
202 88: 0.014
202 95: 0.038
202 99: 0.148
202 106: 0.315
202 113: 0.038
202 115: 0.011
202 144: 0.019
202 155: 0.040
202 161: 0.060
202 165: 0.014
202 177: 0.094
202 189: 0.013
202 200: 0.015
202 208: 0.001
202 209: 0.003
202 210: 0.250
202 213: 1.921
202 218: 0.067
204 8: 0.015
204 10: 126.604
204 17: 0.125
204 21: 0.010
204 40: 0.019
204 159: 0.018
204 177: 0.049
205 10: 3.324
205 17: 0.151
205 40: 0.013
205 159: 0.013
205 177: 0.054
206 10: 126.862
206 15: 0.016
206 40: 0.019
206 159: 0.020
206 175: 0.020
206 216: 0.002
207 8: 0.008
207 10: 126.658
207 11: 0.013
207 15: 0.037
207 40: 0.016
207 150: 0.011
208 10: 126.750
208 18: 0.194
208 21: 0.014
208 40: 0.027
208 159: 0.018
208 177: 0.043
208 202: 0.001
209 8: 0.018
209 11: 0.081
209 12: 0.335
209 15: 0.091
209 40: 0.027
209 159: 0.012
209 202: 0.003
210 1: 0.040
210 5: 0.051
210 10: 127.209
210 15: 0.345
210 19: 0.010
210 20: 0.011
210 24: 0.048
210 27: 0.019
210 29: 0.104
210 31: 0.031
210 46: 0.021
210 72: 0.013
210 95: 0.015
210 99: 0.031
210 106: 0.059
210 113: 0.031
210 115: 0.015
210 122: 0.013
210 144: 0.028
210 155: 0.059
210 161: 0.024
210 177: 0.266
210 189: 0.015
210 200: 0.032
210 202: 0.250
210 214: 0.034
210 215: 0.008
210 218: 0.079
211 12: 0.023
211 18: 0.024
211 40: 0.022
211 119: 0.014
211 127: 0.012
211 159: 0.031
211 160: 0.013
211 162: 0.016
211 168: 0.011
211 174: 0.002
211 175: 0.139
211 194: 0.011
211 201: 0.044
212 40: 0.021
212 119: 0.015
212 127: 0.012
212 159: 0.037
212 160: 0.017
212 162: 0.018
212 168: 0.015
212 169: 0.014
212 170: 0.052
212 174: 0.014
212 175: 0.204
212 194: 0.013
213 12: 0.011
213 18: 0.020
213 99: 0.011
213 106: 0.039
213 161: 0.018
213 201: 1.669
213 202: 1.921
214 46: 0.011
214 106: 0.029
214 113: 0.015
214 144: 0.012
214 155: 0.027
214 161: 0.035
214 177: 0.035
214 200: 0.020
214 210: 0.034
215 16: 0.012
215 29: 0.015
215 106: 0.043
215 113: 0.018
215 144: 0.011
215 155: 0.023
215 161: 0.052
215 166: 0.013
215 177: 0.019
215 210: 0.008
216 11: 0.018
216 12: 0.165
216 17: 0.035
216 18: 0.251
216 21: 0.046
216 26: 0.036
216 28: 0.038
216 36: 0.013
216 40: 0.113
216 51: 0.012
216 80: 0.027
216 92: 0.025
216 101: 0.032
216 102: 0.018
216 103: 0.012
216 104: 0.030
216 105: 0.013
216 119: 0.068
216 127: 0.059
216 132: 0.013
216 150: 0.046
216 159: 0.180
216 160: 0.059
216 162: 0.065
216 167: 0.025
216 168: 0.046
216 169: 0.060
216 170: 0.341
216 174: 0.108
216 175: 0.856
216 176: 0.012
216 186: 0.051
216 194: 0.054
216 206: 0.002
217 27: 1.799
217 28: 28.256
217 29: 28.255
218 1: 0.035
218 16: 0.025
218 20: 0.016
218 23: 0.019
218 25: 0.029
218 28: 32.742
218 29: 34.485
218 31: 0.531
218 46: 0.037
218 72: 0.060
218 88: 0.011
218 99: 0.090
218 106: 0.107
218 111: 0.017
218 113: 0.258
218 115: 0.013
218 144: 0.028
218 155: 0.032
218 158: 0.016
218 160: 0.017
218 166: 0.035
218 177: 0.013
218 202: 0.067
218 210: 0.079
